30
4 6 0.866 9 0.970 27 0.608 29 0.949
4 3 0.684 7 0.909 20 0.196 21 0.325
6 0 0.987 3 0.815 7 0.358 12 0.311 26 0.108 27 0.636
2 5 0.290 23 0.511
4 9 0.610 11 0.279 26 0.835 29 0.591
3 1 0.512 19 0.897 29 0.162
3 2 0.101 4 0.161 17 0.368
3 1 0.645 7 0.928 21 0.615
4 14 0.578 15 0.466 19 0.037 27 0.052
3 8 0.025 28 0.116 29 0.041
5 3 0.492 10 0.375 16 0.642 17 0.586 29 0.101
3 0 0.094 2 0.319 4 0.814
7 3 0.905 4 0.319 16 0.494 17 0.550 26 0.701 27 0.822 29 0.085
5 8 0.777 14 0.469 15 0.119 26 0.970 27 0.891
3 0 0.554 9 0.281 19 0.974
2 5 0.026 18 0.865
2 16 0.755 21 0.351
3 13 0.129 25 0.169 28 0.121
4 4 0.799 6 0.874 8 0.277 19 0.252
2 0 0.322 9 0.537
2 0 0.525 28 0.337
2 0 0.990 17 0.741
1 28 0.570
1 27 0.872
2 20 0.335 22 0.333
5 10 0.664 15 0.997 18 0.750 23 0.472 25 0.776
5 9 0.156 12 0.222 15 0.104 20 0.243 29 0.086
2 1 0.181 24 0.269
4 4 0.914 12 0.137 23 0.166 25 0.603
4 8 0.262 10 0.496 15 0.728 26 0.917
